4826 1000
Papel	0	0	4826	1000	1
Camada 1	0	0	4847	1000	1
Camada 6	0	0	4826	1000	1
Camada 5	0	0	0	0	1
Camada 3	0	0	0	0	1
Camada 2	-44	737	4847	1060	1
Camada 17	124	821	3977	961	1
Camada 4	-1045	-31	7138	969	1
Camada 7	0	0	2147	823	1
Camada 8	4651	0	4826	1000	1
Camada 13	4682	335	4790	947	1
Camada 9	2214	616	2851	787	1
Camada 9 Copiar	2975	615	3769	796	1
Camada 9 Copiar 2	4152	610	4646	781	1
Camada 10	2123	596	4671	776	1
Camada 11	1477	342	2229	791	1
Camada 11 Copiar	1477	342	2229	791	1
Camada 12	4674	336	4751	980	1
Camada 15	3870	587	4019	830	0
Camada 16	186	109	4792	1000	0