4826 1000
Papel	0	0	4826	1000	0	0	4826	1000
Camada 1	0	0	4847	1000	0	0	4847	1000
Camada 2	-44	737	4847	1060	-44	755	4847	1000
Camada 17	124	821	3977	961	142	825	3972	957
Camada 7	0	0	2147	823	0	0	2141	811
Camada 8	4651	0	4826	1000	4652	0	4826	987
Camada 13	4682	335	4790	947	4684	346	4789	936
Camada 9	2214	616	2851	787	2215	619	2849	784
Camada 9 Copiar	2975	615	3769	796	2976	618	3768	793
Camada 9 Copiar 2	4152	610	4646	781	4153	613	4644	778
Camada 10	2123	596	4671	776	2127	598	4664	772
Camada 11	1477	342	2229	791	1478	343	1722	788
Camada 11 Copiar	1477	342	2229	791	1478	343	1722	788
Camada 12	4674	336	4751	980	4676	340	4750	976
Camada 15	3870	587	4019	830	3872	590	4013	829
Camada 16	186	109	4792	1000	204	137	4792	1000
