3505 949
Papel	0	0	3505	949	0
Camada 13	0	0	3538	949	1
Camada 12	0	0	2840	607	1
Camada 3	0	-22	3543	853	1
Camada 1	1554	367	1781	811	1
Camada 2	-3	737	5928	1060	1
Camada 17	1196	772	1247	785	1
Camada 17 Copiar	435	774	2416	811	1
Camada 17 Copiar 2	2344	789	2458	808	1
Camada 4	-65	0	3782	1000	1
Camada 19	-19	-3	3535	946	1
Camada 5	2500	243	3278	851	1
Camada 5 Copiar	3338	569	3433	829	1
Camada 9	2571	583	2750	790	1
Camada 8	3191	328	3628	869	1
Camada 16	950	287	1293	295	1
Camada 16 Copiar	211	308	554	316	1
Camada 5 Copiar 2	519	244	1427	848	1
Camada 15	951	273	1011	807	1
Camada 5 Copiar 4	-60	249	231	847	1
Camada 6	1873	388	2447	583	1
Camada 11	1072	335	1171	545	1
Camada 11 Copiar	336	348	436	558	1
Camada 7	1887	600	2056	691	1
Camada 7 Copiar 2	2265	602	2434	693	1
Camada 7 Copiar	2074	601	2243	692	1
MC	1509	452	1840	841	1
Camada 14	2779	-22	3520	264	1
Camada 10	0	0	3505	949	1