3505 949
Papel	0	0	3505	949	0	0	3505	949
Camada 13	0	0	3538	949	0	0	3538	949
Camada 1	1554	367	1781	811	1555	369	1781	809
Camada 2	-3	737	5928	1060	-3	755	5928	1000
Camada 17	1196	772	1247	785	1205	772	1238	785
Camada 17 Copiar	435	774	2416	811	444	774	477	787
Camada 17 Copiar 2	2344	789	2458	808	2366	790	2426	805
Camada 5	2500	243	3278	851	2502	257	3275	839
Camada 5 Copiar	3338	569	3433	829	3340	574	3430	810
Camada 9	2571	583	2750	790	2702	728	2748	788
Camada 8	3191	328	3628	869	3253	333	3595	862
Camada 16	950	287	1293	295	951	288	1291	294
Camada 16 Copiar	211	308	554	316	212	309	552	315
Camada 5 Copiar 2	519	244	1427	848	534	255	1426	833
Camada 15	951	273	1011	807	951	277	1010	800
Camada 5 Copiar 4	-60	249	231	847	-57	259	227	836
Camada 6	1873	388	2447	583	1874	428	2444	580
Camada 11	1072	335	1171	545	1076	340	1165	542
Camada 11 Copiar	336	348	436	558	340	353	430	555
Camada 7	1887	600	2056	691	1890	604	2053	690
Camada 7 Copiar 2	2265	602	2434	693	2268	606	2431	692
Camada 7 Copiar	2074	601	2243	692	2077	605	2240	691
MC	1509	452	1840	841	1612	466	1827	839
Camada 14	2779	-22	3520	264	2836	-22	3520	214
