2772 740
Papel	0	0	2772	740	1
Camada 1	0	-260	3000	740	1
Camada 14	2204	0	2329	707	1
Camada 5	0	0	0	0	1
Camada 4	78	235	470	729	1
Camada 4 Copiar	234	161	528	638	1
Camada 6	0	0	0	0	1
Camada 2	1	470	2993	749	1
Camada 18	2596	-2	3035	738	1
Camada 15	2071	669	2734	719	1
Camada 19	2701	405	2749	717	1
Camada 3	395	389	714	740	0
Camada 8	435	543	1198	674	1
Camada 7	3	215	1356	637	1
Camada 9	459	342	508	445	1
Camada 9 Copiar	766	352	815	450	1
Camada 10	575	381	663	443	1
Camada 11	1738	364	1895	643	1
Camada 12	1797	305	2051	360	1
Camada 11 Copiar	1962	368	2119	647	1
Camada 16	2209	0	2609	649	1
Camada 21	0	0	0	0	1
Camada 17	89	413	2636	740	0