2772 740
Papel	0	0	2772	740	0	0	2772	740
Camada 1	0	-260	3000	740	0	-260	3000	740
Camada 4	78	235	470	729	87	320	195	722
Camada 4 Copiar	234	161	528	638	241	243	321	631
Camada 2	1	470	2993	749	52	510	2993	749
Camada 18	2596	-2	3035	738	2600	-2	3032	738
Camada 15	2071	669	2734	719	2700	678	2722	712
Camada 19	2701	405	2749	717	2703	415	2745	710
Camada 8	435	543	1198	674	439	545	1191	669
Camada 7	3	215	1356	637	368	411	898	560
Camada 9	459	342	508	445	462	349	504	441
Camada 9 Copiar	766	352	815	450	769	355	811	448
Camada 10	575	381	663	443	582	392	661	441
Camada 11	1738	364	1895	643	1740	370	1893	638
Camada 12	1797	305	2051	360	1801	308	1822	344
Camada 11 Copiar	1962	368	2119	647	1964	374	2117	642
Camada 16	2209	0	2609	649	2213	0	2602	647
Camada 17	89	413	2636	740	686	420	2635	727
