3000 1000
Papel	0	0	3000	1000	0	0	3000	1000
Camada 1	0	0	3000	1000	0	0	3000	1000
Camada 10	4	0	2722	956	9	0	2707	936
Camada 2	-14	696	2988	1133	-14	717	2987	1131
Camada 12	617	715	1775	1000	725	726	1760	1000
Camada 5	0	0	83	1000	0	0	82	1000
Camada 9	1400	549	1409	587	1400	549	1409	585
Camada 4	549	-16	3062	902	550	607	1172	799
Camada 13	669	530	727	629	670	533	725	628
Camada 14	786	579	948	630	789	581	945	629
Camada 15	1197	0	1602	411	1469	0	1595	201
Camada 8	1128	2	2377	610	1146	24	2355	593
Camada 7	1065	0	3000	1000	1276	0	3000	1000
Camada 3	147	645	258	897	149	648	252	874
Camada 16	233	400	452	584	234	401	332	534
