2999 1000
Papel	0	0	2999	1000	1
Camada 1	-24	-40	3003	1040	0
Camada 11	0	0	2999	1000	1
Camada 8	0	0	0	0	1
Camada 18	0	0	0	0	1
Camada 13	0	0	2999	859	0
Camada 19	0	0	0	0	1
Camada 17	2418	163	3000	697	1
Camada 17 Copiar	0	154	637	689	1
Camada 15	980	273	1277	394	1
Camada 15 Copiar	1116	208	1415	332	1
Camada 3	-12	-40	2512	1040	1
Camada 3 Copiar	-12	-40	3005	1040	1
Camada 16	0	224	2854	637	1
Camada 2	0	716	2999	1040	1
Camada 4	347	456	1434	857	1
Camada 4 Copiar 11	1583	1361	4068	2183	1
Camada 9	718	587	1433	727	0
Camada 9 Copiar	1175	587	1376	667	0
Camada 10	1160	602	1188	637	0
Camada 4 Copiar 5	1964	585	2275	847	1
Camada 4 Copiar 6	-198	561	417	897	1
Camada 4 Copiar 7	-180	624	435	960	0
Camada 4 Copiar	2546	591	3089	988	1
Camada 4 Copiar 8	0	578	751	914	1
Camada 4 Copiar 9	2201	596	2952	932	1
Camada 4 Copiar 12	2228	742	3843	1477	1
Camada 4 Copiar 2	314	757	892	1321	1
Camada 4 Copiar 4	314	757	892	1321	1
Camada 4 Copiar 3	1083	571	1417	897	1
Camada 6	549	485	1207	856	1
Camada 4 Copiar 10	-374	505	1851	1326	1
Camada 5	1677	1	1921	1047	1
Camada 12	0	0	3009	1000	1
Camada 5 Copiar	1358	259	2336	1041	1
Camada 7	-27	-18	3010	1004	1
Camada 21	650	338	1291	758	1
Camada 23	628	314	1339	765	1
Camada 20	1167	98	2371	819	1