2999 1000
Papel	0	0	2999	1000	0	0	2999	1000
lado de fora	0	0	2999	1000	0	0	2999	1000
parede	-12	-40	3005	1040	0	0	2999	854
cortina 3	2418	163	3000	697	2419	173	3000	694
cortina 1	0	154	637	689	0	158	560	677
quadro	1597	259	1894	380	1599	261	1683	378
chao	0	716	2999	1040	0	737	2999	1040
cama 4	347	456	1434	857	1100	583	1408	855
cama frente 1	-163	556	2062	1377	1377	815	2008	1375
mc	1139	601	1313	639	1158	607	1307	638
cobertor	1177	588	1378	668	1177	589	1376	665
cama 3	677	579	997	891	678	580	995	866
cobertor	1197	734	1376	882	1219	736	1372	840
cama 5	1514	593	1825	855	1515	594	1823	852
cama tras 1	-198	561	417	897	-197	564	111	822
cama 1	-180	624	435	960	-179	627	129	885
cama 7	2546	591	3089	988	2783	593	3078	852
cama tras 2	119	570	531	967	225	572	520	831
cama 2	97	624	848	960	234	627	542	885
cama 6	2201	596	2952	932	2338	599	2646	857
cama frente 2	1795	797	3454	1552	2105	825	2777	1402
Camada 6	564	508	1222	879	970	701	1127	848
Camada 6 Copiar	1411	530	2039	884	1799	714	1948	854
Camada 5	1153	-40	1397	1006	1220	-5	1348	252
luz	836	218	1814	1000	1304	227	1305	253
porta 2	2025	371	2666	791	2026	374	2243	789
porta 1	2000	346	2711	797	2001	347	2267	793
Foto 1	1151	624	1315	894	1170	638	1312	889
