2999 1000
Papel	0	0	2999	1000	0	0	2999	1000
Camada 1	-24	-40	3003	1040	-24	-40	3003	1040
Camada 11	0	0	2999	1000	0	0	2999	1000
Camada 13	0	0	2999	859	0	0	2999	854
Camada 17	2418	163	3000	697	2419	173	3000	694
Camada 17 Copiar	0	154	637	689	0	158	560	677
Camada 15	980	273	1277	394	982	275	1066	392
Camada 15 Copiar	1116	208	1415	332	1119	214	1200	329
Camada 3	-12	-40	2512	1040	-12	-40	2512	891
Camada 3 Copiar	-12	-40	3005	1040	-12	-40	3005	891
Camada 16	0	224	2854	637	0	224	2852	628
Camada 2	0	716	2999	1040	0	737	2999	1040
Camada 4	347	456	1434	857	1100	583	1408	855
Camada 4 Copiar 11	1583	1361	4068	2183	1618	1601	2339	2179
Camada 9	718	587	1433	727	1386	593	1429	724
Camada 9 Copiar	1175	587	1376	667	1175	588	1374	664
Camada 10	1160	602	1188	637	1163	611	1184	633
Camada 4 Copiar 5	1964	585	2275	847	1965	586	2273	844
Camada 4 Copiar 6	-198	561	417	897	-197	564	111	822
Camada 4 Copiar 7	-180	624	435	960	-179	627	129	885
Camada 4 Copiar	2546	591	3089	988	2783	593	3078	852
Camada 4 Copiar 8	0	578	751	914	137	581	445	839
Camada 4 Copiar 9	2201	596	2952	932	2338	599	2646	857
Camada 4 Copiar 12	2228	742	3843	1477	2530	769	3184	1331
Camada 4 Copiar 2	314	757	892	1321	315	757	888	1277
Camada 4 Copiar 4	314	757	892	1321	315	757	888	1277
Camada 4 Copiar 3	1083	571	1417	897	1083	572	1415	871
Camada 6	549	485	1207	856	955	678	1112	825
Camada 4 Copiar 10	-374	505	1851	1326	1166	764	1797	1324
Camada 5	1677	1	1921	1047	1744	36	1872	293
Camada 12	0	0	3009	1000	0	0	3009	904
Camada 5 Copiar	1358	259	2336	1041	1826	268	1827	294
Camada 21	650	338	1291	758	651	341	868	756
Camada 23	628	314	1339	765	629	315	895	761
Camada 20	1167	98	2371	819	2165	790	2226	794
